State[3..0] opcode[3..0] | PCin PCout IRin IRout R0in R0out out_1 R1in R1out MDRin MDRout Zin Zout MARin Xin ALU0 ALU1 MemRead MemWrite BusControl Offset DestIn DestOut SrcOut NextState[3..0]
~~~~~~~~~~~~~~~~~~~~~~~~~~~~~~~~~~~~~~~~~~~~~~~~~~~~~~~~~~~~~~~~~~~~~~~~~~~~~~~~~~~~~~~~~~~~~~~~~~~~~~~~~~~~~~~~~~~~~~~~~~~~~~~~~~~~~~~~~~~~~~~~~~~~~~~~~~~~~~~~~~~~~~~~~~~~~~~~~~~~~~~~~~~~~~~~~~~
   0000         ----     | 0    1     0    0     0    0     0     0    0     0     0      0   0    1     1   0    0    1       0        0          0      0      0       0      0001
   0001         ----     | 0    0     0    0     0    0     1     0    0     0     0      1   0    0     0   1    1    1       0        1          0      0      0       0      0010
   0010         0---     | 1    0     0    0     0    0     0     0    0     0     0      0   1    0     0   0    0    1       0        0          0      0      0       0      0011
   0010         1111     | 1    0     0    0     0    0     0     0    0     0     0      0   1    0     0   0    0    1       0        0          0      0      0       0      0110
   0011         ----     | 0    0     1    0     0    0     0     0    0     0     1      0   0    0     0   0    0    1       0        0          0      0      0       0      0100
   0100         0000     | 0    0     1    0     0    0     0     0    0     0     1      0   0    0     0   0    0    0       0        0          0      0      0       0      0101
   0100         0001     | 0    0     1    0     0    0     0     0    0     0     1      0   0    0     0   0    0    0       0        0          0      0      0       0      0101
   0100         0100     | 0    0     1    0     0    0     0     0    0     0     1      0   0    0     0   0    0    0       0        0          0      0      0       0      0101
   0100         0010     | 0    0     1    0     0    0     0     0    0     0     1      0   0    0     0   0    0    0       0        0          0      0      0       0      1000
   0100         0011     | 0    0     1    0     0    0     0     0    0     0     1      0   0    0     0   0    0    0       0        0          0      0      0       0      1100
   0100         1111     | 0    0     1    0     0    0     0     0    0     0     1      0   0    0     0   0    0    0       0        0          0      0      0       0      1110
   0101         ----     | 0    0     0    0     0    0     0     0    0     0     0      0   0    0     1   0    0    0       0        0          0      0      1       0      0110
   0110         0000     | 0    0     0    0     0    0     0     0    0     0     0      1   0    0     0   0    0    0       0        1          0      0      0       1      0111
   0110         0001     | 0    0     0    0     0    0     0     0    0     0     0      1   0    0     0   1    1    0       0        1          0      0      0       1      0111
   0110         0100     | 0    0     0    0     0    0     0     0    0     0     0      1   0    0     0   1    0    0       0        1          0      0      0       1      0111
   0110         1111     | 0    1     0    0     0    0     0     0    0     0     0      1   0    0     1   1    1    0       0        0          1      0      0       0      0111
   0111         0---     | 0    0     0    0     0    0     0     0    0     0     0      0   1    0     0   0    0    0       0        0          0      1      0       0      0000
   0111         1111     | 1    0     0    0     0    0     0     0    0     0     0      0   1    0     0   0    0    0       0        0          0      0      0       0      0000
   1000         ----     | 0    0     0    0     0    0     0     0    0     0     0      0   0    1     0   0    0    0       0        0          0      0      0       1      1001
   1001         ----     | 0    0     0    0     0    0     0     0    0     0     0      0   0    0     1   0    0    0       0        0          0      0      1       0      1010
   1010         ----     | 0    0     0    0     0    0     0     0    0     1     0      0   0    0     0   0    0    1       0        0          0      0      0       0      1011
   1011         ----     | 0    0     0    0     0    0     0     0    0     0     1      1   0    0     0   1    1    1       0        1          0      0      0       0      0111
   1100         ----     | 0    0     0    0     0    0     0     0    0     0     0      0   0    0     1   0    0    0       0        0          0      0      1       0      1101
   1101         ----     | 0    0     0    0     0    0     0     0    0     0     0      1   0    0     0   1    1    0       0        0          0      0      0       0      0111
   1110         ----     | 0    0     0    0     0    0     0     0    0     0     0      1   0    0     0   1    1    0       0        0          1      0      0       0      1111
   1111         ----     | 1    0     0    0     0    0     0     0    0     0     0      0   1    0     0   0    0    0       0        0          0      0      0       0      0000